UNCLASSIFIED/,SFOR. QFFIElal L: 1!ii 011! X 
data a 
0.000 
0.305 
0.610 
0.9 14 
1.219 
1.524 
1.829 
2.134 
2.438 
2.743 
3.048 
3.353 
3.658 
3.962 
4.267 
4.572 
4.877 
5.182 
5.486 
5.79 1 
6.
096 
6.40 1 
6.706 
7.0IO 
7.315 
7.620 
7.925 
8.230 
8.534 
8.839 
9. 144 
9.449 
9.754 
10.058 
10.363 
10.668 
10.973 
11.278 
11.582 
11.887 
12.192 
12.49 7 
12.802 
13. 106 
13.4 11 
13.7 16 
14.02 1 
14.326 
14.630 
14.935 
15.240 
16. 180 
18.442 
20.576 
23.849 
26.48 1 
3 1.055 
100 
101.32 
97.72 
94.21 
90.8 1 
87.51 
84.31 
8 1.2 
78. 18 
75.26 
72.43 
69.68 
67.02 
64.44 
61.94 
59.52 
S7.18 
54.92 
52.72 
50.6 
48.45 
46.56 
44.64 
42.79 
4 1 
39.27 
37.6 
35.99 
34.43 
32.93 
31.48 
30.09 
28.74 
27.45 
26.2 
25 
23.84 
22.73 
21.66 
20.65 
19.68 
18.75 
17.87 
17.04 
16.24 
15.47 
14.75 
14.06 
13.4 
12.77 
12.17 
11.6 
10 
7 
5 
3 
2 
0 
288 
286 
284 
282 
280.1 
278. 1 
276.1 
274.1 
272.2 
270.2 
268.2 
266.2 
264.2 
262.2 
260.3 
258.3 
256.3 
254.3 
252.3 
250.4 
248.4 
246.4 
244.4 
242.4 
240.5 
238.5 
236.5 
234.5 
232.5 
230.5 
228.6 
226.6 
224.6 
222.6 
220.6 
218.7 
2 16.7 
216.5 
216.5 
2 16.5 
2 16.5 
216.5 
2 16.5 
2 16.5 
216.5 
2 16.5 
216.5 
2 16.5 
2 16.5 
216.5 
2 16.5 
2 16.3 
216.3 
217.2 
220.3 
223.1 
227.6 
0 
1.226 
1.191 
1.1 56 
l. 122 
1.089 
1.056 
1.025 
0.994 
0.963 
0.934 
0.905 
0.877 
0.850 
0.823 
0.797 
0.
771 
0.747 
0.722 
0.699 
0.674 
0.653 
0.
631 
0.610 
0.589 
0.569 
0.549 
0.530 
0.5 12 
0.493 
0.476 
0.459 
0.442 
0.426 
0.4 10 
0.395 
0.380 
0.365 
0.349 
0.332 
0.317 
0.302 
0.288 
0.274 
0.
261 
0.249 
0.237 
0.226 
0.2 16 
0.206 
0. 196 
0. 187 
0. 16 1 
0. 11 3 
0.080 
0.047 
0.031 
0.0 15 
0 
UNCLASSIFIED//FOR 0661El.t.L: W&&: OttLY 
38
